AVG_score:0.8149388133212153
SENT_f1:0.905505341002465
SENT_precision:0.9032786885245901
SENT_recall:0.9077429983525536
IU_f1:0.9957627118644067
IU_precision:1.0
IU_recall:0.9915611814345991
TRIPLES_f1:0.5435483870967742
TRIPLES_precision:0.5570247933884298
TRIPLES_recall:0.5307086614173229
RESEARCH_PROBLEM_f1:0.5435483870967742
RESEARCH_PROBLEM_precision:0.5570247933884298
RESEARCH_PROBLEM_recall:0.5307086614173229
 