AVG_score:0.7482214958503106
SENT_f1:0.8733944954128441
SENT_precision:0.9855072463768116
SENT_recall:0.7841845140032949
IU_f1:0.9673202614379084
IU_precision:1.0
IU_recall:0.9367088607594937
TRIPLES_f1:0.40394973070017953
TRIPLES_precision:0.4697286012526096
TRIPLES_recall:0.3543307086614173
RESEARCH_PROBLEM_f1:0.40394973070017953
RESEARCH_PROBLEM_precision:0.4697286012526096
RESEARCH_PROBLEM_recall:0.3543307086614173
